18188881 1111118888, 3818188 881 22. September 1848 18 0181811 18 881Ρ181188
Peren, 118 1818 178181 01113811118181 1181, 181 8188 1881181181181838881811811. 1850
118881181818 Veter 818 188881181881Η81888181111881188181 8881 Berlin iiber und 118188
1857 188 1181 811 1811818881 Pritzerbe bei Brendenburg 8. Η. 1818188. Von 0118181862
8818188118 81 881 8 8881818 888 818 1111181818881818 88181181, 8888, 8881 dem 1861
8118131881888181881 81818, 881 Gymnasium rum 318888 Kloeter in Berlin, wohin 88188
Mutter im Η81111186618118388 1181. 011818 1869 8111811 881 1838118 ,11183183 8188
1818811818Ρῶ1883 888 2883818 881118118 888 1811188 188 881 118 18881 3818188888
1811811 8111 8818 881111 1111188181 118811111811, 818 18 Τ11118388, Berlin und Leipzig
1188183188188, 181118 8118183118188 8188188 1181 zu 11188188. 1878 1881888 8118 11818818
81118 118818318818 Priifun 8181188811888881881881, 1875 18 Berlin die 11118818181111818
Priifn fiir 888 181818 8118181 888181881 8111818111818888181111881118118111111
118118 1 8188881138181881, 1181881 8188181888 181881 11181181188 iiber ,818Κ881’18188
181-8183118188 18 881Κ11111 881181888 1181811118 81811811811111888111811. 1188118188·
3838838881 818111181881181131811 88 881 8818811388 1188181118’18188 1818188 Knebeneehule
1181 81 811 818838311818 Probejehr 88 0118181875 881 1131111118181131818811881 88118188
81818881318181181113 Μ1131188 88818813118188818838 Ι18188 8881181111 fiir gelehrte Sebulen,
888 dem 81 jedoeh 1818111 1118188111 wieder 88888181 88 1881118, 881188188181181111188-
18181111818 111111181181118118 88 88181811881811 1181118388 18188. Ζ8 081818 1876 warde
81 8888 811 81888118181 Lehrer 8838118111 181 88818181 desselben 181181 1811811118 81
8181 8888 8111 Η11883818 wilde, der Plerreretoehter 881 Η18888188, 88111811181188 1111388
3818 enen Ineel. Leider w’dhrte 81818 Ehe 18881 1818 Monate: denn em 7. 1181 1877, 8881
8811181811 818811188188, 181181188 88188 8188 881 88181188118181, 181118118821881188
und werd 818 Η1818811811111838 881 8818 1181111111811818 18318188. 11818818 118811 im
3181181181118188 118818 1118 1181118188 ,18831183 heran, widmete 1181 8881 18818888881
11811881111183 881 8818 8181188881 Gymnasium 8881 11111111118888 888 18181118 18 8818 Ver-
etorbenen den 1111 8818181 81118188 888 38181138111811 1188181388888 Veter. 1888 118188
Miihlmenn 8180181181181 1181818811, 1891 8811181 81818 8118811811 881388888888 1111888-
18181111818 1118881883 1881 Jehreeberieht der Sehule: „zur Frege der melrlrebiiirehen
Perlmen“, 1898 werde ihm der 1118181181 811 Ρ181881ο1181118188, in 181818181388881811
81 bie rn den Sommerierien 88 8818181881818 18388818181 38111111 181. 8881118188181
8813888888 1811 8181 ,1811181818 881 Wilhelmegymneeium 1111113 38118188 888181188
881 881811188 111 181 81811188 1118118 18 Religion, Deuteeh und Hebrh'iech, in den mittieren
Klaeeen 18 818ωὸ11181881811181181, 11111888 1118 811 0181881188 881881888818111892
881 1818181818 Unterrieht 88181118811181.

1813838881111388 wir 888 888 888 Β118 881 Veretorbenen. wie 8111311818181
881 881388, 88183881188881111111811 Wee 1181818881 88111818 818 Lehrer, 1181 181 81
888 81 8888888 8 8818

8118888181-1111113881111818188881111188881, die allen Aehtung 8181181118, 888

111188 888 freundliehen Augen, die 81181 88813883 38188888, 88118188188 818 1888188
11388181811881 8811818118178111888 888 881 11818 8818111, biit 88181881 1111118113 188 der
118118188181881381181181811818118 81 1811 88118881 818811811811. 1188118181811188
Β181, 888, 1118 81 811181811888181881118, 81888 118181818811811, 18 881 88188 881811
1181, 18 1818881188 18118, 1188118 ihn zuweilen 881881 181888181118181181188181881-
118118 8181811881. 0111188118 81881, 11888 81 vom Lehretuhl hereb einem 88111181 8188
818818 Zureehtweienn 18 38188 38881131 1181, oft 8881, 11888 81 181 Lehrerzimmer mitten
88181 888 81888, und ihm ohne 1881188 81888 1188188188188 118188. Aber 1818118181
1781818883183 818 mit 1118 88181; 81 11811 1818 818 Wogen 118118388, 1818 311181Η811
11811 181818118188888Μ118811188. 1118111811 8181818118818188888181118188 1181881111
81181 88111818 888 181 11811818 8811 1811811 8118888. 1888181881118111111818888188
18118 88888 88188 888 Veretendee und 811881 181888811 18 der Β818881883 881
1188188 88 berver, 881118181118881888181811188 1118118, 88188 01818811881811181,
8818111881118188. Η18118181818118111818888111181181 8811188188188, 8138811181 8181188888
und 18111188. Wer 81 8881 18 881 188388 118118 188 Jehren ihm rur Gewohnheit 8-
1181888, 8118 18138188 nu den Aulebtren 888 1781111388 8111 8111 18 1818188188 88818 die
181188 88818111811188 Arbeiten 81811811 8111 183881811881 Und 1118 81 8188188111 1111
8181181881811181, 188 881881 813888111388 1181811181188118111118, 81818 8811111888
88881881 81888 1881881118188 0181111181 1811181 8881818818 Weeen 111113 8818818811,
Kenntnie zu nehmen, 8ο 3811811818 8181 818 11818181188 dereelben in der Kleeee 1111 818
88111181 8838188111 88183888 888 181811888. Endlieh wie 118811181 wer 1818 Unterrieht
in der Lektiire‚ in der er nieht nur den 81881811318181118118, 18888181188881 38-
88181881νοῦ 18 1811188818 1181118, 18881188 18111831 Schriften oder 818181 8818111188188
88818881188111111, mit der 1111181888 881 818 18813818 18111881 1181, de 8811888881

Β8181881883 18181 818818 1883188 88188 8818 88181111888818 8811818188 lerheit der
88888188 8888818188811888188181, 818 88881188 8181, 818188 ihm 118818318881
8888818888 38181188 werden, 188 der 'liele 881881 88811188, 18 8811 818 11111883 881 818

 

